.
..
1
10
104
11
114
12
13
135
14
15
16
17701
18
180
182
183
185
19
19989
2
20
20009
20346
21
2146
215
216
21667
217
218
219
22
220
221
222
223
224
2245
225
226
2269
227
228
229
2290
2291
230
231
23433
236
237
24
24020
25
2505
26
26088
262
27
28
2869
2932
2937
2938
2940
2941
2942
2943
2944
2946
2948
2949
30
30065
306
307
31
32
33
3344
34
348
3499
3523
363
365
366
39
3901
4
40
4031
4061
41
42
4239
4240
427
4279
4287
429
43
4325
4327
4336
44
45
4520
4525
4533
4559
4571
4575
4595
46
4643
4644
4660
4677
4680
4685
47
4730
4734
4737
4742
4754
4755
4760
4798
48
4818
4842
4867
488
4882
49
4937
4941
4946
4950
4954
50
5016
5033
5035
5062
51
5111
5145
5189
5194
52
5208
5209
5214
5217
5220
5227
5252
5259
5285
5323
5335
5366
5412
5439
5453
5467
55
56
5604
5634
5646
5662
5677
5693
5858
5871
5885
5903
5918
5919
5920
5962
5977
5995
6
6016
6028
6044
6062
6092
6118
6134
6161
6175
6201
6213
6254
6264
6311
6331
6335
6355
6377
6429
6700
7
7236
7281
7354
7355
7411
7412
7663
7689
7991
8
8115
899
9
98
99
acpi
asound
buddyinfo
bus
cgroups
cmdline
consoles
cpuinfo
crypto
devices
diskstats
dma
driver
execdomains
fb
filesystems
fs
interrupts
iomem
ioports
irq
kallsyms
kcore
keys
key-users
kmsg
kpagecgroup
kpagecount
kpageflags
loadavg
locks
mdstat
meminfo
misc
modules
mounts
mtrr
net
pagetypeinfo
partitions
sched_debug
schedstat
scsi
self
slabinfo
softirqs
stat
swaps
sys
sysrq-trigger
sysvipc
thread-self
timer_list
tty
uptime
version
version_signature
vfs_changes
vmallocinfo
vmstat
zoneinfo
